-7.000000000000000000e+02 5.379999999999999716e+01 3.116000000000000000e+03
-6.462000000000000455e+02 5.379999999999999716e+01 3.116000000000000000e+03
-5.922999999999999545e+02 5.379999999999999716e+01 3.116000000000000000e+03
-5.385000000000000000e+02 5.379999999999999716e+01 3.116000000000000000e+03
-4.846000000000000227e+02 5.379999999999999716e+01 3.116000000000000000e+03
-4.308000000000000114e+02 5.379999999999999716e+01 3.116000000000000000e+03
-3.768999999999999773e+02 5.379999999999999716e+01 3.116000000000000000e+03
-3.231000000000000227e+02 5.379999999999999716e+01 3.116000000000000000e+03
-2.691999999999999886e+02 5.379999999999999716e+01 3.116000000000000000e+03
-2.154000000000000057e+02 5.379999999999999716e+01 3.116000000000000000e+03
-1.615000000000000000e+02 5.379999999999999716e+01 3.116000000000000000e+03
-1.077000000000000028e+02 5.379999999999999716e+01 3.116000000000000000e+03
-5.379999999999999716e+01 5.379999999999999716e+01 3.116000000000000000e+03
0.000000000000000000e+00 5.379999999999999716e+01 3.116000000000000000e+03
5.379999999999999716e+01 5.379999999999999716e+01 3.116000000000000000e+03
1.077000000000000028e+02 5.379999999999999716e+01 3.116000000000000000e+03
1.615000000000000000e+02 5.379999999999999716e+01 3.116000000000000000e+03
2.154000000000000057e+02 5.379999999999999716e+01 3.116000000000000000e+03
2.691999999999999886e+02 5.379999999999999716e+01 3.116000000000000000e+03
3.231000000000000227e+02 5.379999999999999716e+01 3.116000000000000000e+03
3.768999999999999773e+02 5.379999999999999716e+01 3.116000000000000000e+03
4.308000000000000114e+02 5.379999999999999716e+01 3.116000000000000000e+03
4.846000000000000227e+02 5.379999999999999716e+01 3.116000000000000000e+03
5.385000000000000000e+02 5.379999999999999716e+01 3.116000000000000000e+03
5.922999999999999545e+02 5.379999999999999716e+01 3.116000000000000000e+03
6.462000000000000455e+02 5.379999999999999716e+01 3.116000000000000000e+03
7.000000000000000000e+02 5.379999999999999716e+01 3.116000000000000000e+03
