0.000000000000000000e+00
0.000000000000000000e+00
0.000000000000000000e+00
0.000000000000000000e+00
0.000000000000000000e+00
0.000000000000000000e+00
0.000000000000000000e+00
0.000000000000000000e+00
0.000000000000000000e+00
2.412050923879322397e+02
4.917217313602834110e+03
6.071485668677191825e+03
1.711905918307672982e+04
4.991866882205710681e+03
1.710511940381446402e+04
6.066245766551605811e+03
4.934743428674866664e+03
2.559487875309466176e+02
0.000000000000000000e+00
0.000000000000000000e+00
0.000000000000000000e+00
0.000000000000000000e+00
0.000000000000000000e+00
0.000000000000000000e+00
0.000000000000000000e+00
0.000000000000000000e+00
0.000000000000000000e+00
