5.542999999999999545e+02 4.700000000000000000e+01 3.216000000000000000e+03
4.696999999999999886e+02 3.900000000000000000e+01 3.216000000000000000e+03
3.931000000000000227e+02 2.800000000000000000e+01 3.216000000000000000e+03
4.303999999999999773e+02 3.400000000000000000e+01 3.216000000000000000e+03
4.818000000000000114e+02 5.000000000000000000e+01 3.216000000000000000e+03
3.555000000000000000e+02 2.000000000000000000e+01 3.216000000000000000e+03
2.376999999999999886e+02 4.300000000000000000e+01 3.216000000000000000e+03
3.226999999999999886e+02 1.000000000000000000e+01 3.216000000000000000e+03
2.708999999999999773e+02 5.000000000000000000e+01 3.216000000000000000e+03
4.228999999999999773e+02 4.300000000000000000e+01 3.216000000000000000e+03
3.016000000000000227e+02 0.000000000000000000e+00 3.216000000000000000e+03
5.080000000000000000e+02 4.300000000000000000e+01 3.216000000000000000e+03
1.845999999999999943e+02 2.000000000000000000e+01 3.216000000000000000e+03
3.083000000000000114e+02 0.000000000000000000e+00 3.216000000000000000e+03
2.550999999999999943e+02 4.700000000000000000e+01 3.216000000000000000e+03
3.131999999999999886e+02 1.000000000000000000e+01 3.216000000000000000e+03
2.235999999999999943e+02 3.900000000000000000e+01 3.216000000000000000e+03
1.965999999999999943e+02 2.800000000000000000e+01 3.216000000000000000e+03
2.095000000000000000e+02 3.400000000000000000e+01 3.216000000000000000e+03
5.957000000000000455e+02 5.000000000000000000e+01 3.216000000000000000e+03
3.283999999999999773e+02 2.000000000000000000e+01 3.216000000000000000e+03
4.538000000000000114e+02 4.700000000000000000e+01 3.216000000000000000e+03
3.976999999999999886e+02 3.900000000000000000e+01 3.216000000000000000e+03
1.760999999999999943e+02 1.000000000000000000e+01 3.216000000000000000e+03
3.496999999999999886e+02 2.800000000000000000e+01 3.216000000000000000e+03
1.733000000000000114e+02 0.000000000000000000e+00 3.216000000000000000e+03
3.726000000000000227e+02 3.400000000000000000e+01 3.216000000000000000e+03
8.961999999999999318e+02 4.700000000000000000e+01 3.156000000000000000e+03
7.591000000000000227e+02 3.900000000000000000e+01 3.156000000000000000e+03
6.372999999999999545e+02 2.800000000000000000e+01 3.156000000000000000e+03
6.959500000000000455e+02 3.400000000000000000e+01 3.156000000000000000e+03
1.041000000000000000e+03 5.000000000000000000e+01 3.156000000000000000e+03
5.793500000000000227e+02 2.000000000000000000e+01 3.156000000000000000e+03
4.939500000000000455e+02 4.300000000000000000e+01 3.156000000000000000e+03
5.303999999999999773e+02 1.000000000000000000e+01 3.156000000000000000e+03
5.852000000000000455e+02 5.000000000000000000e+01 3.156000000000000000e+03
8.787000000000000455e+02 4.300000000000000000e+01 3.156000000000000000e+03
5.008000000000000114e+02 0.000000000000000000e+00 3.156000000000000000e+03
8.213999999999999773e+02 4.300000000000000000e+01 3.156000000000000000e+03
3.465500000000000114e+02 2.000000000000000000e+01 3.156000000000000000e+03
5.013999999999999773e+02 0.000000000000000000e+00 3.156000000000000000e+03
5.422999999999999545e+02 4.700000000000000000e+01 3.156000000000000000e+03
5.215000000000000000e+02 1.000000000000000000e+01 3.156000000000000000e+03
4.536500000000000341e+02 3.900000000000000000e+01 3.156000000000000000e+03
3.888500000000000227e+02 2.800000000000000000e+01 3.156000000000000000e+03
4.120000000000000000e+02 3.400000000000000000e+01 3.156000000000000000e+03
1.015950000000000045e+03 5.000000000000000000e+01 3.156000000000000000e+03
5.880499999999999545e+02 2.000000000000000000e+01 3.156000000000000000e+03
9.646999999999999318e+02 4.700000000000000000e+01 3.156000000000000000e+03
8.069500000000000455e+02 3.900000000000000000e+01 3.156000000000000000e+03
3.083999999999999773e+02 1.000000000000000000e+01 3.156000000000000000e+03
6.614500000000000455e+02 2.800000000000000000e+01 3.156000000000000000e+03
2.818500000000000227e+02 0.000000000000000000e+00 3.156000000000000000e+03
7.328499999999999091e+02 3.400000000000000000e+01 3.156000000000000000e+03
1.238099999999999909e+03 4.700000000000000000e+01 3.116000000000000000e+03
1.048500000000000000e+03 3.900000000000000000e+01 3.116000000000000000e+03
8.815000000000000000e+02 2.800000000000000000e+01 3.116000000000000000e+03
9.615000000000000000e+02 3.400000000000000000e+01 3.116000000000000000e+03
1.600200000000000045e+03 5.000000000000000000e+01 3.116000000000000000e+03
8.032000000000000455e+02 2.000000000000000000e+01 3.116000000000000000e+03
7.502000000000000455e+02 4.300000000000000000e+01 3.116000000000000000e+03
7.381000000000000227e+02 1.000000000000000000e+01 3.116000000000000000e+03
8.995000000000000000e+02 5.000000000000000000e+01 3.116000000000000000e+03
1.334500000000000000e+03 4.300000000000000000e+01 3.116000000000000000e+03
7.000000000000000000e+02 0.000000000000000000e+00 3.116000000000000000e+03
1.134799999999999955e+03 4.300000000000000000e+01 3.116000000000000000e+03
5.085000000000000000e+02 2.000000000000000000e+01 3.116000000000000000e+03
6.945000000000000000e+02 0.000000000000000000e+00 3.116000000000000000e+03
8.295000000000000000e+02 4.700000000000000000e+01 3.116000000000000000e+03
7.297999999999999545e+02 1.000000000000000000e+01 3.116000000000000000e+03
6.837000000000000455e+02 3.900000000000000000e+01 3.116000000000000000e+03
5.811000000000000227e+02 2.800000000000000000e+01 3.116000000000000000e+03
6.145000000000000000e+02 3.400000000000000000e+01 3.116000000000000000e+03
1.436200000000000045e+03 5.000000000000000000e+01 3.116000000000000000e+03
8.477000000000000455e+02 2.000000000000000000e+01 3.116000000000000000e+03
1.475599999999999909e+03 4.700000000000000000e+01 3.116000000000000000e+03
1.216200000000000045e+03 3.900000000000000000e+01 3.116000000000000000e+03
4.406999999999999886e+02 1.000000000000000000e+01 3.116000000000000000e+03
9.732000000000000455e+02 2.800000000000000000e+01 3.116000000000000000e+03
3.903999999999999773e+02 0.000000000000000000e+00 3.116000000000000000e+03
1.093099999999999909e+03 3.400000000000000000e+01 3.116000000000000000e+03
