5.105000000000000426e+00 3.160000000000000309e-02 0.000000000000000000e+00
5.584999999999999964e+00 3.160000000000000309e-02 2.800000000000000000e+01
4.665000000000000036e+00 3.160000000000000031e-01 2.800000000000000000e+01
4.764999999999999680e+00 3.160000000000000309e-02 3.900000000000000000e+01
4.804999999999999716e+00 3.160000000000000031e-01 3.900000000000000000e+01
5.125000000000000000e+00 3.160000000000000031e-01 0.000000000000000000e+00
4.844999999999999751e+00 3.160000000000000031e-01 4.300000000000000000e+01
4.285000000000000142e+00 3.160000000000000309e-02 4.300000000000000000e+01
4.924999999999999822e+00 3.160000000000000309e-02 2.000000000000000000e+01
4.644999999999999574e+00 3.160000000000000031e-01 5.000000000000000000e+01
5.125000000000000000e+00 3.160000000000000309e-02 5.000000000000000000e+01
6.054999999999999716e+00 3.160000000000000309e-02 4.700000000000000000e+01
4.764999999999999680e+00 3.160000000000000031e-01 4.700000000000000000e+01
