2.967311275413717340e+03
7.955099053808371536e+02
7.852301444841326656e+02
2.112083963799803314e+03
7.427015635674985106e+02
6.911878298990546909e+02
6.959302565517306220e+02
6.644193911594925339e+02
6.756425183261912935e+02
6.537432320632049141e+02
6.499062016964240911e+02
6.252344233444313204e+02
6.305853373211542703e+02
1.902244258418961863e+03
6.134916052709764926e+02
6.160674607877898552e+02
5.935480876598314808e+02
5.893119435483879442e+02
5.723639138443402317e+02
5.686132875955147483e+02
5.571174651938149509e+02
5.547841106965717017e+02
5.337925502120280044e+02
5.333435891080363263e+02
5.183447068086085210e+02
5.143165291085954323e+02
4.979295901705453957e+02
4.968351947915460869e+02
4.819177054194177003e+02
4.785950993229379264e+02
4.690637687069034882e+02
4.678294037227196327e+02
1.905377666310286486e+03
4.506508337862521785e+02
4.490665232817851233e+02
1.734968144925866682e+03
2.898488908636838005e+03
1.742320916211526537e+03
1.592204992522888233e+03
1.474480070327734666e+03
2.936746409245274663e+03
1.363493152541124118e+03
2.584161396718812739e+03
1.288385929513863175e+03
1.205069375103388893e+03
1.218318352170696471e+03
1.145206049562400949e+03
3.099880875561878383e+03
1.153723785901148631e+03
2.305768828950171155e+03
1.082966528333922042e+03
9.963840485283245698e+02
9.337696544978115298e+02
8.856484174162681029e+02
8.797946260814494508e+02
2.089222417982883599e+03
8.237242667432852841e+02
8.301168113502924371e+02
