8.216116618864884003e+03
0.000000000000000000e+00
0.000000000000000000e+00
5.519021550782990948e-01
0.000000000000000000e+00
0.000000000000000000e+00
0.000000000000000000e+00
0.000000000000000000e+00
0.000000000000000000e+00
0.000000000000000000e+00
0.000000000000000000e+00
0.000000000000000000e+00
0.000000000000000000e+00
3.390714564403004660e-04
0.000000000000000000e+00
0.000000000000000000e+00
0.000000000000000000e+00
0.000000000000000000e+00
0.000000000000000000e+00
0.000000000000000000e+00
0.000000000000000000e+00
0.000000000000000000e+00
0.000000000000000000e+00
0.000000000000000000e+00
0.000000000000000000e+00
0.000000000000000000e+00
0.000000000000000000e+00
0.000000000000000000e+00
0.000000000000000000e+00
0.000000000000000000e+00
0.000000000000000000e+00
0.000000000000000000e+00
1.226393584971122684e-02
0.000000000000000000e+00
0.000000000000000000e+00
0.000000000000000000e+00
2.787798811322477832e+03
0.000000000000000000e+00
0.000000000000000000e+00
0.000000000000000000e+00
8.206000409618305639e+03
0.000000000000000000e+00
9.200899617491400022e+02
0.000000000000000000e+00
0.000000000000000000e+00
0.000000000000000000e+00
0.000000000000000000e+00
4.432565567596056098e+03
0.000000000000000000e+00
1.018636499699467635e+02
0.000000000000000000e+00
0.000000000000000000e+00
0.000000000000000000e+00
0.000000000000000000e+00
0.000000000000000000e+00
2.203888986964507302e-01
0.000000000000000000e+00
0.000000000000000000e+00
