1.000000000000000000e+01 0.000000000000000000e+00 3.116000000000000000e+03
-1.000000000000000000e+01 0.000000000000000000e+00 3.116000000000000000e+03
2.000000000000000000e+01 0.000000000000000000e+00 3.116000000000000000e+03
3.000000000000000000e+01 0.000000000000000000e+00 3.116000000000000000e+03
4.000000000000000000e+01 0.000000000000000000e+00 3.116000000000000000e+03
5.000000000000000000e+01 0.000000000000000000e+00 3.116000000000000000e+03
6.000000000000000000e+01 0.000000000000000000e+00 3.116000000000000000e+03
-6.000000000000000000e+01 0.000000000000000000e+00 3.116000000000000000e+03
7.000000000000000000e+01 0.000000000000000000e+00 3.116000000000000000e+03
-7.000000000000000000e+01 0.000000000000000000e+00 3.116000000000000000e+03
8.000000000000000000e+01 0.000000000000000000e+00 3.116000000000000000e+03
-8.000000000000000000e+01 -0.000000000000000000e+00 3.116000000000000000e+03
9.000000000000000000e+01 0.000000000000000000e+00 3.116000000000000000e+03
1.000000000000000000e+02 0.000000000000000000e+00 3.116000000000000000e+03
1.100000000000000000e+02 0.000000000000000000e+00 3.116000000000000000e+03
1.200000000000000000e+02 0.000000000000000000e+00 3.116000000000000000e+03
1.300000000000000000e+02 0.000000000000000000e+00 3.116000000000000000e+03
-1.300000000000000000e+02 -0.000000000000000000e+00 3.116000000000000000e+03
1.400000000000000000e+02 0.000000000000000000e+00 3.116000000000000000e+03
-1.400000000000000000e+02 0.000000000000000000e+00 3.116000000000000000e+03
1.500000000000000000e+02 0.000000000000000000e+00 3.116000000000000000e+03
1.650000000000000000e+02 0.000000000000000000e+00 3.116000000000000000e+03
1.800000000000000000e+02 0.000000000000000000e+00 3.116000000000000000e+03
1.950000000000000000e+02 0.000000000000000000e+00 3.116000000000000000e+03
-1.950000000000000000e+02 -0.000000000000000000e+00 3.116000000000000000e+03
2.100000000000000000e+02 0.000000000000000000e+00 3.116000000000000000e+03
-2.100000000000000000e+02 0.000000000000000000e+00 3.116000000000000000e+03
2.250000000000000000e+02 0.000000000000000000e+00 3.116000000000000000e+03
-2.250000000000000000e+02 0.000000000000000000e+00 3.116000000000000000e+03
2.400000000000000000e+02 0.000000000000000000e+00 3.116000000000000000e+03
2.701999999999999886e+02 0.000000000000000000e+00 3.116000000000000000e+03
-2.701999999999999886e+02 0.000000000000000000e+00 3.116000000000000000e+03
2.921000000000000227e+02 0.000000000000000000e+00 3.116000000000000000e+03
-2.921000000000000227e+02 0.000000000000000000e+00 3.116000000000000000e+03
3.156999999999999886e+02 0.000000000000000000e+00 3.116000000000000000e+03
-3.156999999999999886e+02 0.000000000000000000e+00 3.116000000000000000e+03
3.411999999999999886e+02 0.000000000000000000e+00 3.116000000000000000e+03
-3.411999999999999886e+02 0.000000000000000000e+00 3.116000000000000000e+03
3.688000000000000114e+02 0.000000000000000000e+00 3.116000000000000000e+03
-3.688000000000000114e+02 0.000000000000000000e+00 3.116000000000000000e+03
3.986000000000000227e+02 0.000000000000000000e+00 3.116000000000000000e+03
-3.986000000000000227e+02 0.000000000000000000e+00 3.116000000000000000e+03
4.308000000000000114e+02 0.000000000000000000e+00 3.116000000000000000e+03
-4.308000000000000114e+02 0.000000000000000000e+00 3.116000000000000000e+03
4.656000000000000227e+02 0.000000000000000000e+00 3.116000000000000000e+03
-4.656000000000000227e+02 0.000000000000000000e+00 3.116000000000000000e+03
5.031999999999999886e+02 0.000000000000000000e+00 3.116000000000000000e+03
-5.031999999999999886e+02 0.000000000000000000e+00 3.116000000000000000e+03
5.438999999999999773e+02 0.000000000000000000e+00 3.116000000000000000e+03
-5.438999999999999773e+02 0.000000000000000000e+00 3.116000000000000000e+03
5.878999999999999773e+02 0.000000000000000000e+00 3.116000000000000000e+03
-5.878999999999999773e+02 0.000000000000000000e+00 3.116000000000000000e+03
6.353999999999999773e+02 0.000000000000000000e+00 3.116000000000000000e+03
-6.353999999999999773e+02 0.000000000000000000e+00 3.116000000000000000e+03
6.867999999999999545e+02 0.000000000000000000e+00 3.116000000000000000e+03
-6.867999999999999545e+02 0.000000000000000000e+00 3.116000000000000000e+03
7.422999999999999545e+02 0.000000000000000000e+00 3.116000000000000000e+03
-7.422999999999999545e+02 0.000000000000000000e+00 3.116000000000000000e+03
