1.000000000000000000e+01 0.000000000000000000e+00 3.216000000000000000e+03
2.250000000000000000e+02 0.000000000000000000e+00 3.216000000000000000e+03
-2.250000000000000000e+02 0.000000000000000000e+00 3.216000000000000000e+03
-6.000000000000000000e+01 0.000000000000000000e+00 3.216000000000000000e+03
2.400000000000000000e+02 0.000000000000000000e+00 3.216000000000000000e+03
2.598000000000000114e+02 0.000000000000000000e+00 3.216000000000000000e+03
-2.598000000000000114e+02 0.000000000000000000e+00 3.216000000000000000e+03
2.700000000000000000e+02 0.000000000000000000e+00 3.216000000000000000e+03
-2.700000000000000000e+02 0.000000000000000000e+00 3.216000000000000000e+03
2.806000000000000227e+02 0.000000000000000000e+00 3.216000000000000000e+03
-2.806000000000000227e+02 0.000000000000000000e+00 3.216000000000000000e+03
2.916000000000000227e+02 0.000000000000000000e+00 3.216000000000000000e+03
-2.916000000000000227e+02 0.000000000000000000e+00 3.216000000000000000e+03
7.000000000000000000e+01 0.000000000000000000e+00 3.216000000000000000e+03
3.030000000000000000e+02 0.000000000000000000e+00 3.216000000000000000e+03
-3.030000000000000000e+02 0.000000000000000000e+00 3.216000000000000000e+03
3.148999999999999773e+02 0.000000000000000000e+00 3.216000000000000000e+03
-3.148999999999999773e+02 0.000000000000000000e+00 3.216000000000000000e+03
3.273000000000000114e+02 0.000000000000000000e+00 3.216000000000000000e+03
-3.273000000000000114e+02 0.000000000000000000e+00 3.216000000000000000e+03
3.401000000000000227e+02 0.000000000000000000e+00 3.216000000000000000e+03
-3.401000000000000227e+02 0.000000000000000000e+00 3.216000000000000000e+03
3.533999999999999773e+02 0.000000000000000000e+00 3.216000000000000000e+03
-3.533999999999999773e+02 0.000000000000000000e+00 3.216000000000000000e+03
3.673000000000000114e+02 0.000000000000000000e+00 3.216000000000000000e+03
-3.673000000000000114e+02 0.000000000000000000e+00 3.216000000000000000e+03
3.816999999999999886e+02 0.000000000000000000e+00 3.216000000000000000e+03
-3.816999999999999886e+02 0.000000000000000000e+00 3.216000000000000000e+03
3.966999999999999886e+02 0.000000000000000000e+00 3.216000000000000000e+03
-3.966999999999999886e+02 0.000000000000000000e+00 3.216000000000000000e+03
4.121999999999999886e+02 0.000000000000000000e+00 3.216000000000000000e+03
-4.121999999999999886e+02 0.000000000000000000e+00 3.216000000000000000e+03
-7.000000000000000000e+01 0.000000000000000000e+00 3.216000000000000000e+03
4.283999999999999773e+02 0.000000000000000000e+00 3.216000000000000000e+03
-4.283999999999999773e+02 0.000000000000000000e+00 3.216000000000000000e+03
8.000000000000000000e+01 0.000000000000000000e+00 3.216000000000000000e+03
3.000000000000000000e+01 0.000000000000000000e+00 3.216000000000000000e+03
-8.000000000000000000e+01 -0.000000000000000000e+00 3.216000000000000000e+03
9.000000000000000000e+01 0.000000000000000000e+00 3.216000000000000000e+03
1.000000000000000000e+02 0.000000000000000000e+00 3.216000000000000000e+03
-1.000000000000000000e+01 0.000000000000000000e+00 3.216000000000000000e+03
1.100000000000000000e+02 0.000000000000000000e+00 3.216000000000000000e+03
4.000000000000000000e+01 0.000000000000000000e+00 3.216000000000000000e+03
1.200000000000000000e+02 0.000000000000000000e+00 3.216000000000000000e+03
1.300000000000000000e+02 0.000000000000000000e+00 3.216000000000000000e+03
-1.300000000000000000e+02 -0.000000000000000000e+00 3.216000000000000000e+03
1.400000000000000000e+02 0.000000000000000000e+00 3.216000000000000000e+03
2.000000000000000000e+01 0.000000000000000000e+00 3.216000000000000000e+03
-1.400000000000000000e+02 0.000000000000000000e+00 3.216000000000000000e+03
5.000000000000000000e+01 0.000000000000000000e+00 3.216000000000000000e+03
1.500000000000000000e+02 0.000000000000000000e+00 3.216000000000000000e+03
1.650000000000000000e+02 0.000000000000000000e+00 3.216000000000000000e+03
1.800000000000000000e+02 0.000000000000000000e+00 3.216000000000000000e+03
1.950000000000000000e+02 0.000000000000000000e+00 3.216000000000000000e+03
-1.950000000000000000e+02 -0.000000000000000000e+00 3.216000000000000000e+03
6.000000000000000000e+01 0.000000000000000000e+00 3.216000000000000000e+03
2.100000000000000000e+02 0.000000000000000000e+00 3.216000000000000000e+03
-2.100000000000000000e+02 0.000000000000000000e+00 3.216000000000000000e+03
