-1.733000000000000114e+02 0.000000000000000000e+00 3.216000000000000000e+03
-1.600000000000000000e+02 0.000000000000000000e+00 3.216000000000000000e+03
-1.466999999999999886e+02 0.000000000000000000e+00 3.216000000000000000e+03
-1.333000000000000114e+02 0.000000000000000000e+00 3.216000000000000000e+03
-1.200000000000000000e+02 0.000000000000000000e+00 3.216000000000000000e+03
-1.067000000000000028e+02 0.000000000000000000e+00 3.216000000000000000e+03
-9.329999999999999716e+01 0.000000000000000000e+00 3.216000000000000000e+03
-8.000000000000000000e+01 0.000000000000000000e+00 3.216000000000000000e+03
-6.670000000000000284e+01 0.000000000000000000e+00 3.216000000000000000e+03
-5.329999999999999716e+01 0.000000000000000000e+00 3.216000000000000000e+03
-4.000000000000000000e+01 0.000000000000000000e+00 3.216000000000000000e+03
-2.669999999999999929e+01 0.000000000000000000e+00 3.216000000000000000e+03
-1.330000000000000071e+01 0.000000000000000000e+00 3.216000000000000000e+03
0.000000000000000000e+00 0.000000000000000000e+00 3.216000000000000000e+03
1.330000000000000071e+01 0.000000000000000000e+00 3.216000000000000000e+03
2.669999999999999929e+01 0.000000000000000000e+00 3.216000000000000000e+03
4.000000000000000000e+01 0.000000000000000000e+00 3.216000000000000000e+03
5.329999999999999716e+01 0.000000000000000000e+00 3.216000000000000000e+03
6.670000000000000284e+01 0.000000000000000000e+00 3.216000000000000000e+03
8.000000000000000000e+01 0.000000000000000000e+00 3.216000000000000000e+03
9.329999999999999716e+01 0.000000000000000000e+00 3.216000000000000000e+03
1.067000000000000028e+02 0.000000000000000000e+00 3.216000000000000000e+03
1.200000000000000000e+02 0.000000000000000000e+00 3.216000000000000000e+03
1.333000000000000114e+02 0.000000000000000000e+00 3.216000000000000000e+03
1.466999999999999886e+02 0.000000000000000000e+00 3.216000000000000000e+03
1.600000000000000000e+02 0.000000000000000000e+00 3.216000000000000000e+03
1.733000000000000114e+02 0.000000000000000000e+00 3.216000000000000000e+03
