7.925528007586746071e+02
8.348944806560446068e+02
8.938745216346085272e+02
9.502636378180681049e+02
1.017909314697158266e+03
1.099353092217492303e+03
1.204143162657662515e+03
1.325527390301938567e+03
1.462237980944215906e+03
1.656661722055049722e+03
1.892744671063548367e+03
2.164167194911397019e+03
2.383306304537109554e+03
2.486093619006399877e+03
2.377309086681932058e+03
2.198031452408846235e+03
1.888195947178948018e+03
1.686736536409934843e+03
1.474866581343843109e+03
1.343008650804863692e+03
1.226047097913902917e+03
1.127472794792202649e+03
1.033590500347422676e+03
9.603818502147710205e+02
9.023439322504010534e+02
8.496727465404295572e+02
8.019976893615988729e+02
