0.000000000000000000e+00
0.000000000000000000e+00
0.000000000000000000e+00
0.000000000000000000e+00
0.000000000000000000e+00
0.000000000000000000e+00
0.000000000000000000e+00
0.000000000000000000e+00
5.161241422284506414e-03
2.388652640261657112e+01
5.432082197118455724e+02
1.741649120632984022e+03
3.244291727607573648e+03
3.005295169986531604e+06
3.454341312887526783e+03
1.801519255811243511e+03
5.424857502734658965e+02
2.397905154902246849e+01
1.105716735860290748e-02
0.000000000000000000e+00
0.000000000000000000e+00
0.000000000000000000e+00
0.000000000000000000e+00
0.000000000000000000e+00
0.000000000000000000e+00
0.000000000000000000e+00
0.000000000000000000e+00
