1.796750682140740851e+00
1.038047578028099771e+00
4.767469641862147056e-01
1.667862376262263751e+03
1.334166908667358712e+03
1.348857592695435869e+03
8.234984558093294709e+02
1.328184524000126430e+03
1.778304914290152055e+03
1.394034771601731109e+03
1.427668700864960556e+03
1.917056995429416020e+03
3.520782037872866567e+03
5.501236702466646422e-01
2.255390944661539834e+03
2.495026356894089986e+03
3.808773286097065011e+03
3.272559554266817486e+03
5.434940547438026442e+03
3.974888606216541575e+03
2.736642892591375130e+03
3.742266816703054701e+03
6.030464532875937039e+03
4.790232977486562959e+03
9.333890003573476202e-01
5.001997974883067400e+03
1.599585624070581389e+03
7.132794938175079551e+02
4.779010438713846270e+03
6.820794056220177481e+03
1.186663546424524611e+03
3.927806150975013225e+03
3.780060475879905425e+03
3.371526924951821911e+03
5.799365969338235118e+03
1.206079030123481610e+00
4.154299638616086668e+03
3.717256079595157644e+03
3.023915486344237812e+06
3.727779364696836099e+06
1.140494383848739199e+04
1.570006762267808335e+04
1.361609284942821250e+04
2.106220676946027743e+04
1.083478590163696790e+06
2.484530129821194801e+06
1.335802016604956233e+00
1.578930158068553828e+04
3.073864610578216889e+04
1.167655671682089451e+04
1.831182373613655363e+04
9.066980916280092060e+03
1.022211694903310672e+04
1.904307612577720283e+04
7.157680195678489326e+03
1.372570912151742668e+05
4.150234268797974801e+04
1.591205395940883616e+00
6.379753037820218015e+04
4.993323156573427841e+05
7.359107642986624269e+05
2.088839639887665980e+05
7.077903199343025335e+04
4.610562862166431296e+04
2.033532813903896022e+04
1.456702528300558619e+01
5.443751869809075217e+00
7.344643938027542317e+05
5.457681554548492464e+00
9.540468880290434939e+00
1.062013818059674009e+01
1.484172135704694817e+01
7.266289062881098104e+00
4.292735810313258682e+00
3.075706688773735653e+00
1.050530601736859637e+00
2.096626914123816299e+00
4.365817158137812015e+00
1.806533438896063250e+06
5.760031897646611831e+00
5.217398091468300692e+00
6.938608090200502510e+00
7.346225641370678794e+00
9.331118393396089061e+00
8.991798987896359563e+00
7.356951226960992685e+00
2.745956037480657308e+00
1.577461688688132524e+00
1.819408190209023335e+00
4.918537744087167812e+04
1.114764589531377137e+00
7.814082046338159948e-01
1.008932087417022228e+00
9.953359301992656949e-01
1.570068595829784419e+00
2.280703425935987294e+00
2.853637169583841615e+00
3.692450209112315029e+00
3.464066315264738183e+00
3.869838894939535923e+00
1.328516873297096446e+00
4.306538805579119071e+04
4.429531945404852067e+00
4.493003333588478476e+00
3.849916462659294769e+00
3.534164580137295619e+00
3.426023656256840244e+00
3.861481018473635896e+00
6.775271671671127816e-02
5.447168814331323355e-02
4.521051164157074975e-02
4.354158102122348412e-02
3.491327612522849813e+04
3.035407094808321299e-02
3.064712073204564277e-02
2.926203189024630807e-02
3.736252079249075680e-02
3.687027700415457243e-02
4.174868223376928394e-02
5.624777275387351366e-02
6.049219684263212882e-02
6.673645964944990849e-02
7.186238809069314670e-02
5.183751960485025484e+04
9.514972973075096208e-02
1.063862747891587829e-01
1.098219745980633516e-01
1.259882646030372200e-01
1.301478062181031237e-01
1.141417508198062092e-01
1.020542700735992264e-01
9.970511783456208199e-02
9.372505164948048695e-02
8.203355765974623681e-02
3.951007013682732359e+06
7.993045188438323290e-02
7.253720186171533912e-01
5.793771906767797297e-01
5.080022084667031868e-01
5.827068522318832322e-01
5.255312179911292292e-01
4.714592777739051166e-01
4.053381865826848340e-01
3.919283920349557748e-01
4.435504074017668774e-01
6.965140846582146361e+06
4.268778399896583919e-01
4.234956675330495135e-01
4.380686312120191106e-01
4.676496057486768665e-01
5.294021080155011383e-01
4.954506091320630135e-01
6.717739170207462918e-01
7.625934395347512273e-01
9.490916683094551276e-01
9.922017599026244916e-01
1.866839605427683855e+05
1.011557615155200374e+00
1.009676874256642654e+00
1.145053571829450334e+00
1.074586261276070154e+00
1.158104570476589545e+00
1.100704514181265026e+00
1.041432268410797279e+00
1.099305998705675025e+00
1.121183618785579039e+00
1.124870477573623795e+00
3.121471219445347320e+06
9.921785334668310474e-01
9.355536930888463942e-01
1.140267154770905567e+00
1.019198095290563710e+00
8.958893783143315748e-01
7.995885436478480379e-01
7.009516249209606364e-01
6.858286325951360451e-01
6.980625413626352360e-01
7.240078293673415377e-01
1.444960458255482605e+06
7.759110024665208938e-01
7.826090415958593116e-01
8.694790557023411859e-01
7.814420304272323703e-01
6.383502394256456158e-01
7.143034904926131023e-01
7.039002785354245839e-01
7.852622363089324375e-01
1.041876217189755538e+00
1.057009955585848759e+00
2.804441723492076926e+04
1.243681009236399904e+00
1.100682263549546791e+00
1.033643583282741751e+00
1.336732742673330421e+00
1.328885127810829347e+00
1.320415246413875865e+00
1.358780080940215074e+00
1.335282664646351369e+00
1.636010633403617520e+00
1.592899989969037478e+00
1.331635633624358888e+04
1.707410791894135915e+00
1.606676959515526582e+00
1.707211056883409794e+00
1.754911249996504496e+00
1.838281993779832924e+00
1.769175484855070257e+00
1.784094474977825362e+00
1.572703395817159233e+00
1.500394472712225591e+00
1.201017661658888125e+00
1.421322707577379107e+00
9.943399866559113434e+03
1.538202174315700388e+00
1.720785315245048963e+00
1.581772968213959629e+00
1.390561014345385926e+00
1.195736546732494743e+00
1.097657038049452805e+00
1.032217079648439562e+00
6.377132133479871401e-01
6.550928070281744064e-01
5.963350256009981587e-01
1.131122886950481552e+04
5.964646400574894480e-01
5.433609248185842233e-01
5.619229106705618815e-01
7.187307664520219408e-01
6.002682277930835308e-01
8.512786353939622019e-01
1.035339386562622366e+00
1.180672392341996391e+00
9.622930732983956403e-01
1.458671636126639859e+00
4.341972061314544640e+06
1.315055266021302405e+00
1.364689499222385027e+00
1.711777167408311096e+00
1.575366175135786140e+00
1.566372756624064166e+00
1.908899067649374670e+00
1.859546382658308072e+00
1.977956254701305427e+00
2.225027948166889313e+00
1.990026792171000203e+00
2.977084679329649545e+06
1.733293546755884984e+00
1.443810716125884852e+00
1.926203067374647082e+00
1.636750059892923881e+00
1.759590314645271381e+00
1.645742032878592109e+00
1.567330703314163465e+00
1.580299834991231833e+00
1.809169750594682657e+00
1.676522129525638949e+00
1.567513398486992344e+06
1.580695683829655307e+00
1.555991928821312209e+00
1.571085257569389881e+00
1.461416990049742903e+00
1.033434735281958172e+00
1.129200608270988004e+00
1.076153566106974990e+00
1.048489184958997011e+00
8.023739061084546043e-01
8.740035546212149287e-01
2.967726680430462118e+06
8.451165581920919712e-01
8.551289496191670780e-01
9.593043076036419370e-01
8.551164712115399968e-01
7.109009770322430866e-01
6.980610832071423300e-01
8.752412570389848101e-01
7.345823408240191865e-01
7.623047806990772557e-01
7.299586492021945539e-01
6.844883702550530469e-01
7.390184745596388716e-01
5.445666665316436506e-01
9.307679925102079199e-01
1.067866072886804574e+00
1.059328067312174770e+00
9.575008319419103797e-01
1.178360577804292042e+00
1.268346437354118006e+00
1.315048671204641861e+00
1.127881592144113876e+00
1.208088218755971610e+00
1.503848389280295628e+00
1.564745507641452260e+00
1.286417612099273189e+00
1.741774442647045174e+00
1.744087563155140241e+00
1.764168269513687770e+00
1.816906792038582186e+00
1.597704167337528736e+00
1.768141784551189311e+00
1.847829462532035505e+00
1.478391379407783202e+00
1.464283441439750533e+00
1.351182666383503372e+00
1.667472264966736617e+00
1.614296124488688644e+00
1.657030109934583439e+00
1.474874536226600474e+00
1.199553059938246458e+00
1.450141638967422653e+00
1.403250581743912484e+00
1.290001059792190707e+00
1.233135355351129725e+00
7.874003512860395793e-01
8.753631254923122107e-01
1.052096298185432488e+00
8.468798064356034550e-01
9.604475337011848524e-01
9.618656071819475795e-01
1.415752400185073645e+00
7.240925034376047842e-01
8.044497624658182300e-01
7.995465872029571264e-01
8.865056245848312866e-01
7.995846573565225102e-01
8.459440576361313413e-01
7.481817028175825612e-01
7.149712818796641889e-01
7.961922329292107081e-01
8.842888865663485198e-01
7.134541589275619211e-01
9.205960853644483688e-01
7.912713682530987391e-01
7.820943016437615913e-01
7.548047550943336459e-01
8.144902575707061443e-01
9.164318306337875253e-01
1.009856667791871221e+00
1.216855118950962433e+00
8.751961598624106164e-01
9.831278321261411879e-01
1.100134063113219485e+00
1.271588300245183989e+00
1.126627629514425522e+00
1.377525956513062866e+00
1.324495864155434077e+00
1.240300716444129980e+00
1.298273623705846980e+00
1.321030313407422607e+00
1.087690864669925039e+00
1.290412250679926043e+00
1.135312429705380488e+00
1.241150468430989529e+00
1.217059732740812361e+00
1.481545815064543303e+00
1.311512127270151540e+00
1.539514399674727807e+00
1.723721843792750841e+00
1.526755968331606095e+00
1.365520858632756740e+00
1.487475270158725937e+00
1.442118617907218070e+00
1.455434429275369812e+00
1.110594009172930940e+00
1.203398450366686578e+00
1.197596387696433284e+00
1.017781878580448884e+00
1.205171528729201968e+00
1.091837815762501274e+00
9.516728461558622287e-01
1.053587058869742910e+00
8.926587003384091057e-01
7.077557931219948806e-01
1.133254724896464616e+00
9.229928346964068053e-01
9.891851028605912477e-01
1.012253589912602836e+00
9.606142064901025401e-01
1.028204864558631693e+00
9.388356078295053697e-01
7.660019619585385353e-01
8.258722324909646417e-01
9.979844862849273079e-01
1.102046056649157224e+00
6.952127584404824701e-01
8.538611423351268881e-01
7.913400390799102402e-01
1.048116647888082120e+00
8.016747014155989337e-01
8.366221644205489305e-01
8.708676524432461541e-01
7.803008737857020094e-01
7.209537823659143418e-01
8.102223552111863514e-01
7.632319068223675229e-01
8.419752175032167996e-01
7.809203944753559945e-01
9.411493683210866434e-01
1.038455592723064091e+00
8.923495182251461877e-01
1.009122532092788793e+00
9.020761037287259310e-01
1.173392477152017443e+00
1.174751911650307790e+00
1.034610897727611611e+00
1.081515438303861876e+00
1.153019956900151577e+00
8.837776851285269464e-01
1.018639918359990348e+00
1.157720790616586060e+00
1.192185981868935762e+00
1.066216570997651880e+00
1.067108767491388832e+00
9.758676290869039427e-01
1.220051710475265061e+00
9.890727547502577988e-01
1.040320423951060391e+00
9.345617449228347251e-01
1.227159056500389145e+00
1.485023019416174428e+00
8.859639951918613088e-01
1.174514084449639784e+00
1.033141078278951408e+00
1.186289810576065751e+00
1.277396363852836059e+00
1.146235520934462349e+00
9.803531619079799420e-01
1.116201150519389396e+00
9.325870918883222283e-01
1.131648552071871316e+00
1.102015921130921505e+00
1.008553064891452022e+00
1.071235455258087166e+00
8.958249808914992007e-01
8.625888100020684401e-01
9.293360339223828426e-01
1.030051547465248962e+00
1.059952900958060829e+00
1.040109307076973799e+00
9.300232566967421288e-01
8.407232797336392505e-01
1.060609379790948825e+00
1.066275556240476430e+00
9.662286596668543392e-01
9.462481722440752030e-01
1.036296144532689256e+00
9.756481166293530238e-01
8.218017207223959897e-01
1.031960828996441037e+00
7.864321260402309388e-01
7.703164893313266814e-01
7.395669926038600517e-01
9.253684226741120122e-01
8.953404733861493048e-01
7.230345495140774181e-01
7.851246271158655032e-01
8.238750851091269922e-01
8.032124246178148352e-01
9.192543120270438850e-01
9.799014253344540126e-01
8.819110022874140364e-01
9.373686584696656610e-01
9.181282945696597197e-01
9.511507955262187286e-01
9.918643433175043933e-01
9.368385499935394378e-01
1.013494797836090200e+00
1.046106806960496405e+00
9.878197924894522863e-01
1.062383834233909141e+00
1.166766959900948475e+00
8.218555158682272488e-01
9.471892095283634960e-01
1.116736219815070985e+00
1.352495043288190368e+00
1.018361555665674434e+00
1.111262621896228042e+00
1.256692448619999292e+00
1.089580656663170943e+00
1.091578001635947759e+00
1.110301133930615247e+00
1.444824332742982831e+00
1.170335096187099300e+00
1.010708654282548080e+00
1.160413661319994905e+00
1.463369644762769095e+00
1.222226184639154667e+00
1.366544581554462123e+00
9.389163621411830141e-01
9.142820410849983315e-01
1.286893776112876697e+00
1.158357018976903907e+00
1.048883596696945864e+00
1.177252203326564217e+00
1.157880761880938136e+00
9.499292198107516239e-01
1.221757942194056090e+00
1.137224829217578614e+00
1.605176532560965041e+00
1.187185801466259960e+00
1.063676791864187177e+00
1.145349076484824424e+00
1.269542098624810933e+00
9.539488381349627844e-01
3.654471325039047036e-01
3.334712575736753504e-01
2.863235123026572349e-01
2.983302803015361326e-01
3.050106322089789490e-01
2.904557581345101336e-01
3.820595344222922352e-01
3.320120357225270213e-01
2.836000414137326842e-01
2.841751032348785455e-01
3.016508874510420712e-01
2.384092155198437868e-01
2.807419668340216390e-01
2.779955531471602903e-01
3.012570398100644087e-01
3.048234321225261056e-01
2.576670662425186165e-01
7.416996063040270926e-01
6.875883036716403662e-01
2.950810903975922828e-01
2.214355672045441870e-01
2.782463478925520373e-01
2.831588636543977966e-01
2.575312501807648924e-01
2.994547835487601506e-01
2.854665625115988536e-01
2.735089727101363000e-01
2.746241453880405858e-01
3.041434604045917811e-01
2.744670614259172581e-01
2.735855996849053118e-01
2.486673148866312411e-01
2.870373498342112528e-01
2.985202615896181966e-01
2.980895033566665075e-01
3.450020197076614781e-01
3.356702375914872305e-01
3.442670277756427200e-01
2.917173611266254962e-01
3.496806103181190339e-01
3.369604700497524363e-01
3.369321224043848040e-01
3.188658710915898697e-01
3.820749839825648420e-01
3.214487620486304320e-01
3.559317775415982710e-01
3.391028205230011139e-01
4.477471546858792228e-01
3.788064609564937291e-01
3.479816973533633173e-01
3.122424458354262633e-01
4.195564331042948014e-01
3.575403480496337494e-01
3.693617229112148292e-01
3.362911358095453385e-01
3.794881489552468512e-01
3.462700822315267213e-01
3.539786861281614128e-01
3.796036573072016918e-01
3.181479966135131732e-01
3.674319659447047859e-01
3.206241473621408433e-01
3.623152636667646420e-01
3.093956647209527566e-01
2.853940888826356770e-01
3.609954447128340682e-01
3.196747482123180606e-01
2.771967848267665180e-01
3.449103139060120671e-01
3.502151236306652593e-01
3.387381445960844228e-01
3.102377285830134057e-01
3.156749785383992646e-01
3.332023624033091380e-01
3.355029945249088374e-01
2.944393017337991192e-01
3.666051943204441388e-01
2.876929181366129074e-01
2.880436182541742385e-01
2.561468453127003775e-01
3.125910450590534406e-01
2.559670455334642214e-01
2.753056758816810334e-01
2.528780024035904850e-01
2.387251284487252045e-01
2.964293523333733082e-01
2.637736517771383515e-01
2.164457157958918354e-01
2.344901026674549305e-01
2.521683001873870622e-01
2.602752756009791835e-01
2.973855057486409215e-01
2.474643710483099002e-01
2.334580008505316995e-01
2.208929678987620604e-01
2.288271001777030245e-01
2.193107545584489226e-01
2.314587680820985593e-01
2.182632339155318735e-01
2.318031994435477139e-01
2.219350569377544768e-01
2.497397985078119720e-01
2.472123681064304079e-01
2.903743012685767177e-01
2.408418998622951779e-01
2.766828564118608558e-01
2.416240709215208282e-01
2.487972777913964595e-01
2.484656635634253652e-01
2.338295431721246764e-01
2.731823148105959054e-01
2.960203933712784452e-01
2.971310487795142397e-01
2.920271755095569799e-01
2.938797244060358249e-01
2.867690448146003046e-01
3.144503886161977846e-01
3.021457489750809522e-01
2.984340045933430163e-01
5.961557963760303336e-01
2.904585911354313210e-01
3.622880150105318164e-01
2.793251356431020183e-01
2.664276684914925752e-01
3.691355903440616815e-01
3.354292643636926918e-01
3.402703191267831273e-01
3.313864230289578772e-01
3.768153399031177742e-01
3.133670983318732062e-01
3.331213760050413808e-01
3.047672017679683987e-01
3.947184934077480056e-01
3.087462027373283902e-01
3.554945799998524558e-01
3.253898116790219230e-01
3.737498128906874273e-01
3.328098112187802826e-01
3.523627052655345926e-01
3.337373702197601322e-01
3.129624888772543079e-01
3.855475995473830464e-01
3.641756616326381479e-01
3.269771474771639430e-01
3.489577178815580494e-01
3.397769327989458299e-01
3.090235937275880862e-01
3.099047032455310435e-01
2.869010737162810964e-01
2.975009868370307453e-01
3.072525981431274977e-01
3.032058072510877000e-01
3.124215091535452182e-01
2.861058274093859488e-01
3.777984394793780787e-01
3.540460678353351542e-01
3.602168923060704575e-01
3.048137075438563937e-01
3.173300657293423033e-01
3.052637315042223687e-01
3.005453526070884784e-01
2.903069988285781888e-01
2.645555557807953151e-01
2.449812758146865665e-01
2.556574254025243964e-01
2.649301858428171896e-01
2.842431310986922033e-01
2.660979059084534470e-01
2.778476995340901645e-01
3.182731314854872484e-01
2.686902267511363518e-01
2.626435623321055068e-01
2.191950986578798388e-01
2.289044465672747941e-01
2.044628644495912750e-01
2.677635074817049099e-01
2.332752101203025286e-01
2.408424226063070606e-01
2.406416892068301006e-01
2.742083258981798943e-01
2.272797707320248495e-01
2.222554129473552909e-01
2.856919766622250667e-01
2.594141264176444972e-01
2.252936525022669612e-01
2.668750105693928898e-01
2.483827088711930142e-01
2.682531053747341798e-01
2.673885525672615171e-01
3.267957597782638057e-01
2.419503102823172824e-01
2.577436483334588080e-01
2.579427038990197429e-01
2.657224340424739206e-01
2.986298844743857650e-01
2.411786604915300836e-01
2.469242281388093485e-01
2.644501717461972823e-01
2.812713241362837513e-01
2.496935338961443762e-01
2.670563513747280515e-01
2.619681654436219476e-01
2.919474677698448706e-01
2.521658615971841821e-01
2.665630980991440802e-01
2.827713196276608887e-01
3.186138728579408497e-01
3.190085493842992892e-01
2.994830383983410060e-01
2.600302911477255785e-01
3.217393967376850350e-01
2.545434213849541716e-01
2.700168475078528751e-01
4.217890230446542099e-01
2.629804730224609144e-01
3.213635670695390578e-01
2.998465581690829551e-01
3.008795811522907426e-01
2.844492735579084997e-01
3.367204580029986016e-01
4.868374964910026081e-01
3.486943064348870247e-01
2.997030325679050922e-01
3.104459948391302682e-01
2.905053586988252112e-01
3.195551986302864189e-01
3.069513798712805719e-01
3.328885285767673174e-01
3.084275764631577155e-01
3.049954703396817179e-01
2.862391364382383396e-01
3.044421077930958286e-01
3.300982569005942446e-01
3.775566517602554351e-01
3.104575268335209026e-01
2.765633359616227471e-01
2.901622310600406873e-01
2.694992202941882686e-01
2.819754476190155512e-01
2.635696206654697948e-01
3.066091731524252517e-01
2.921550714105478619e-01
2.670297663011380052e-01
2.632040555372582857e-01
2.619298575311840294e-01
2.798312957889824149e-01
2.763806982691696112e-01
2.802029175499169411e-01
2.725286248827826774e-01
1.182318031290613830e-01
1.401249997106812639e-01
1.488076771968389334e-01
2.480966139748347343e-01
1.176734504677201670e-01
1.423562784057022246e-01
1.181044920745786125e-01
1.167578926710393927e-01
1.193898933546348878e-01
1.201458670705329024e-01
1.152964425677566324e-01
1.036357856069038963e-01
2.485711855572928231e-01
1.005204005232773617e-01
1.929745094342870948e-01
2.329813117004258249e-01
1.110347357938390039e-01
1.246812685079017463e-01
1.179282469242687176e-01
1.137789325806017465e-01
2.245481454114580944e-01
1.156110829870771323e-01
1.364207195401626882e-01
1.200333684023705272e-01
2.506988002232301005e-01
1.150101947619904946e-01
1.250752926688682154e-01
1.337137472308070618e-01
1.837822127995268340e-01
1.332530372325211598e-01
1.479148494823213367e-01
1.287069741077630780e-01
1.508167791779936595e-01
1.473720544901725715e-01
1.326658444935509551e-01
2.242829271919983547e-01
1.511462525046237126e-01
1.313274385623627305e-01
1.381892993372298983e-01
2.732983147164020354e-01
1.621987165771894834e-01
1.586391563233184587e-01
1.764481625313755186e-01
2.466490393075773391e-01
1.563446982389157247e-01
1.462975127688859178e-01
1.442710395185410333e-01
1.376649513967866389e-01
3.118123946102098754e-01
2.765783986785870785e-01
1.391447678090578788e-01
3.027857798769219011e-01
1.861363145067850833e-01
1.370569570493607447e-01
1.387105236238266592e-01
1.530440075004460831e-01
1.297335474919097398e-01
1.297627373772567982e-01
1.383648336571593751e-01
1.351436875890967837e-01
2.745453432830945451e-01
1.222581496252329591e-01
1.397617742229541604e-01
7.911747450644932567e-01
7.984975294019555081e-01
8.274234079376797668e-01
7.377208206497274379e-01
8.293272634679524913e-01
7.041476630800067582e-01
7.564124975402249929e-01
9.962459842900838192e-01
7.401347042243586749e-01
2.593561590862809019e-01
6.086004030550664634e-01
7.067010492986881554e-01
8.077962625758600135e-01
7.439263817858058347e-01
6.415933917640296302e-01
7.181225177614394273e-01
7.441268806966577776e-01
6.792160060301918323e-01
6.074649073440673286e-01
6.539408823631147616e-01
7.111262896369339170e-01
5.784857806470740105e-01
6.544404954823961340e-01
6.148547989761966592e-01
6.615142942003525706e-01
6.501413852275319538e-01
7.405439104632047798e-01
7.566330935931724344e-01
6.837195625028557044e-01
6.956062691214232041e-01
7.221517437359519231e-01
7.040345378259903475e-01
6.727458722759854792e-01
7.217697105008868963e-01
6.938093404581548995e-01
7.608739717668899782e-01
6.847237276243796078e-01
8.264168079238505271e-01
8.754745597647805022e-01
7.770564649455690143e-01
7.645082809736962748e-01
7.986502639711136053e-01
7.917028275912360025e-01
6.806871821492114227e-01
8.022704464437072636e-01
7.344762479415014589e-01
8.161663802115431965e-01
7.809026230517969180e-01
7.663045727574712140e-01
7.293805606174290634e-01
8.261130956333927466e-01
8.366321661102890106e-01
7.549412429488510101e-01
7.275403330995122708e-01
7.779342798553409155e-01
7.217649836853217149e-01
7.390477621069867498e-01
7.968085966245879170e-01
7.214857679863683204e-01
8.085648417477805383e-01
7.171396938155102374e-01
7.008719281194590867e-01
6.826363916706770230e-01
9.187897227943733203e-01
8.799451097200644556e-01
8.471055847215198664e-01
6.788425911829846227e-01
8.635525176366285471e-01
6.856485536222081123e-01
7.223489902274181640e-01
1.373532394515972919e+04
2.254340511758319917e+04
3.512737729728273553e+04
3.998252277361809683e+04
2.820932839424804843e+04
3.296192864039309643e+04
5.904356313492656227e+03
1.690131156512443567e+03
6.184045452113205101e+03
1.055944866449971050e+04
8.988341421992492542e+03
1.676680361252450166e+04
9.287052353037301145e+03
5.358526957230747939e+03
7.889861383132469200e+04
1.106573925380699620e+04
5.695289889403770940e+04
5.110745251791392548e+03
2.569101597748634595e+04
1.312633971893978560e+04
1.462648417178037380e+04
1.891689809316489482e+04
1.354063697885179317e+04
1.672984559871655438e+04
1.992061567847507467e+04
9.677550646314561163e+03
1.835347959330991580e+04
2.771127566366356768e+04
4.139458440927939955e+04
3.766437851959965337e+04
3.188787753083297866e+04
6.596952565883607895e+04
2.602190949721926245e+03
3.344899252607614017e+03
5.575966770031882334e+03
3.205691260404715194e+03
3.787385719202167820e+03
3.220236680400543264e+04
3.180369251410450488e+03
9.876844020804441243e+03
3.021226599981144401e-01
3.545661580818219227e+04
1.707978411110430316e+05
2.789520788677790188e+04
2.102770922037791388e+04
2.572240255815832643e+04
1.426805980098513464e+04
1.743628123917097400e+04
3.325779344773613411e+04
1.646131157061209524e+04
1.803383988799390136e+04
1.833152348948256986e+04
2.007588987517126952e+04
7.021394899370861822e+04
2.124747519002174522e+04
6.186243571059645546e+03
6.840714752513355052e+03
4.105221357164516121e+03
5.225221858120570687e+03
1.358047465159142484e+04
1.367053595258616042e+04
1.117043868324168579e+04
2.136931705937393053e+04
5.436790608686078485e+03
4.703714011415430832e+03
4.060174257897323059e+03
8.867226361283310689e+04
7.970831664444984199e+03
6.626837401372241402e+03
4.380684563264250755e+03
7.770525224314240404e+03
1.049639859128444550e+04
8.616905958187338911e+03
1.284277142962562175e+04
2.100563607134455378e+04
2.327653427400110013e+04
4.314313350755420995e-01
5.963684355537607340e-01
8.375557223816497698e-01
7.497545158607912263e-01
9.866250881312411680e-01
1.838593751396891296e+00
9.986017436148288962e-01
1.130251101897580046e+00
2.533546959585427061e+01
8.323028501653164213e+00
1.220811043012143671e+01
2.028015488101043573e+01
3.052443853761634429e+01
3.151842094101558800e+01
1.626292284020787449e+01
1.243299817775885252e+01
7.266146835830424422e+00
2.955204479032858877e+00
5.626928522791570408e+00
9.857077058410833814e+00
1.335226071741965903e+01
1.571288570504600202e+01
1.542280855850992261e+01
2.306197960323247997e+01
1.512851685589322237e+01
1.732134512805780346e+01
1.126119164063658040e+01
7.673650279305096689e+00
5.596356502331191862e+00
6.368069383457574340e+00
3.768742662299479296e+00
2.594418882314975416e+00
2.788413675727809515e+00
3.273196055319163467e+00
4.083690643948949095e+00
7.269053670099939524e+00
7.843963934882279609e+00
1.053441738909331171e+01
1.079284424419350152e+01
1.270245244255138495e+01
1.373324574782508911e+01
1.343449989654788368e+01
1.298174729014117545e+01
1.124109813312182737e+01
1.353573629825495139e+01
1.106176380479244870e+01
4.034943098032717224e+00
3.275234376730746799e+00
3.030122579317635179e+00
2.638228750499738595e+00
1.689979660471502498e+00
1.798585870667846143e+00
2.200351135968245497e+00
2.201528702070965959e+00
2.231892897842957968e+00
2.751587456096848960e+00
3.990363468399817037e+00
3.793379003364356183e+00
3.826738342564532935e+00
5.678462233828988737e+00
6.346321815632432362e+00
8.111936525762663663e+00
8.428520592737598349e+00
8.922584577433605446e+00
8.632992023001516912e+00
8.131508676796103785e+00
6.787416874138748391e+00
9.388241572910759558e+00
7.460982639474669220e+00
6.890628118959036819e+00
4.156598503588490701e+00
2.591838897477703352e+00
1.130893946762912661e+00
2.115614762478807975e+00
1.990693036617012357e+00
1.665639131553698915e+00
1.540929044951533378e+00
1.168164491384547032e+00
1.058793768411422143e+00
1.354401685506287256e+00
1.204609199078471971e+00
1.358722120105307241e+00
1.472681022414617846e+00
1.428069846106314600e+00
1.727575890160515160e+00
1.722475622117228156e+00
1.799757598671380743e+00
1.879728221887488226e+00
1.858299311155547473e+00
2.588453747175681219e+00
2.855379405127286052e+00
2.690924890856255303e+00
3.052230351110641227e+00
3.485816538195406711e+00
3.521491874659075982e+00
3.308917965895280755e+00
3.066881001269672335e+00
3.248624501372812556e+00
3.457086492634578789e+00
3.630544616027547189e+00
3.041779260702880183e+00
3.530071912148720514e+00
2.253974993633152568e+00
2.827638341930100996e-01
2.845543549173270015e-01
2.469931568694976876e-01
2.101776209176673682e-01
1.821874882685106944e-01
1.464440100833083180e-01
1.365495576389359200e-01
1.699797942522505434e-01
2.113414632570136953e-01
1.693812449042423895e-01
1.927617721505026638e-01
1.923351792298043372e-01
1.791999996400784334e-01
1.591523130668144881e-01
1.947004192982360049e-01
1.865624400540349115e-01
2.186197555218739319e-01
2.500428927478953733e-01
2.871824086537074217e-01
2.841380239691458365e-01
3.021450500969410369e-01
2.944972202122544958e-01
3.288314228940404926e-01
3.222341869754896670e-01
3.131321903760182490e-01
3.909302989247953053e-01
3.293176966476128453e-01
3.639737409503848165e-01
4.365092157874160828e-01
4.017820985902195163e-01
3.859970395938737142e-01
3.946377202640042881e-01
4.095408259967739939e-01
3.812059342052530053e-01
3.454661914152869495e-01
3.427200894311981383e-01
3.398836498010580076e-01
2.628959409277898951e-01
1.000495605490247103e-01
1.022187243481985086e-01
8.804690963319210251e-02
7.987685505221994720e-02
7.056436590549132470e-02
5.535141689822177524e-02
4.592924302281947702e-02
3.477803442046131094e-02
4.208461023557277109e-02
4.423503263695962445e-02
4.085652157426528791e-02
3.768549720333053132e-02
3.936332394176825927e-02
4.222051794813296011e-02
4.542507202885064793e-02
5.248501325637869308e-02
6.380200101823947645e-02
6.280646268441997249e-02
6.109484638819737135e-02
7.178652253405942707e-02
7.851441867580936929e-02
8.399068560803638062e-02
8.716569556932275697e-02
9.552344102197483922e-02
1.011681739646966699e-01
1.085851458000853947e-01
1.122350571552024057e-01
1.219327843197322847e-01
1.349280873207441556e-01
1.276458838447210031e-01
1.257851585125844551e-01
1.234754512008978539e-01
1.147640047303646993e+00
1.228045553553552272e-01
1.196550040181746238e-01
1.104470539080548291e-01
1.126829975220890317e-01
1.081298314386796716e-01
1.061913393232420399e-01
1.113980588770696889e-01
1.092309828433127433e-01
1.086691412674272023e-01
1.030613613319304872e-01
1.015562154544392415e-01
9.663186039368930336e-02
2.636435769573745036e-01
2.260697115216573905e-01
2.168422162111449947e-01
2.226246086566806559e-01
2.214763668566349375e-01
1.945351831054269731e-01
1.951817520039913212e-01
1.784453692771701960e-01
2.159971048179987474e-01
1.886326655648086215e-01
1.940173640008626688e-01
1.800792383163647148e-01
1.874124852872370572e-01
1.701576096724434772e-01
1.830486846740255746e-01
1.777530048598791046e-01
1.662665205441530847e-01
1.785941537182668404e-01
1.760596774924779728e-01
2.064226963950062943e-01
2.303915882338302135e-01
2.153610092375134177e-01
2.267243687019603049e-01
2.609732491169049484e-01
2.954733636700735411e-01
3.010830820498935911e-01
2.953588072101809847e-01
3.224832897078246385e-01
3.214733404150147411e-01
3.378650057812410124e-01
3.511364477465981349e-01
3.302215515172863824e-01
4.185000632039195256e-01
4.236325754422323731e-01
3.885516641743035349e-01
3.970749698907940495e-01
3.950399886403443972e-01
3.816013439131002993e-01
3.310594631952194500e-01
3.478856226891013925e-01
3.654530652150236869e-01
3.457984483749823035e-01
3.405837548980088503e-01
3.710658632268801216e-01
3.132172686939317940e-01
3.259855970325185592e-01
3.648356892840169952e-01
3.353126282005030045e-01
3.197871002969664977e-01
2.901576549627044588e-01
3.297699345324590081e-01
3.741671953186828659e-01
3.397487102688364624e-01
4.440271304473849545e-01
4.836216649376651744e-01
4.206205508910392799e-01
3.431078995453670788e-01
4.225741824664200341e-01
2.938957445466436891e-01
3.097228814322034451e-01
2.747796175875625302e-01
3.080369704478543302e-01
2.833101403793381601e-01
3.102973902255850569e-01
3.279145675820412387e-01
2.627424014846475031e-01
2.646209065340811017e-01
3.977119005122866091e-01
2.823987547790095531e-01
2.839257238016428264e-01
2.915302028968949632e-01
3.303219951748896932e-01
3.607165081043720578e-01
3.277396193774593791e-01
3.695245992882843500e-01
3.843999553907509470e-01
4.002202367874555522e-01
5.053422204478779101e-01
4.406516040259941813e-01
5.080117237276851050e-01
4.582001360513511812e-01
4.563153778292681761e-01
4.651992653119309540e-01
4.681187628708957660e-01
5.194206225059885274e-01
4.722286150532438720e-01
4.166709096450357808e-01
5.145503578855338267e-01
1.054535443337953460e+00
5.526781666742370813e-01
5.078418656449323887e-01
5.934660100535482652e-01
5.865101543469185552e-01
6.148904660822691604e-01
6.161720976662335980e-01
6.169788668147633270e-01
6.230169672952925453e-01
5.323371293578774699e-01
4.900525246234277987e-01
5.929331113618978577e-01
5.793650701831778438e-01
4.988326334151328423e-01
4.857117348233711551e-01
4.014279896806683956e-01
4.727333358912960692e-01
5.408517857912669147e-01
4.027137205489602079e-01
3.721273931964499404e-01
5.152943711745315847e-01
5.723805093729597004e-01
5.853171245918386001e-01
4.031067900508920054e-01
3.996817008193772058e-01
4.566396698353318295e-01
5.145414533748867703e-01
4.080118040551056757e-01
3.774872999396434725e-01
3.967486794234784120e-01
5.001197890272526259e-01
4.063647390484777522e-01
4.729929024970201401e-01
4.341396762881831184e-01
4.363821790820137103e-01
3.645847322274375357e-01
4.081769670497727431e-01
4.370796436557875531e-01
3.939148907976417480e-01
4.227290815914025446e-01
4.396667762400648383e-01
4.632540998693726042e-01
4.433090935914288377e-01
3.803183213246682515e-01
4.201521998020611437e-01
4.531810058694407672e-01
4.281603428192047867e-01
4.014910209808002506e-01
4.647365839904578078e-01
4.956340779859134682e-01
5.465215553196662857e-01
5.822053881513868934e-01
5.337046469526814940e-01
4.423776873964050949e-01
5.470813202719547741e-01
4.843738794754517962e-01
5.864199451424880749e-01
4.826601165845579855e-01
5.796018650700550667e-01
6.186284757211553131e-01
5.404537349410143410e-01
6.685787661314760433e-01
5.468161591530996679e-01
5.514806948550391441e-01
5.745299753779545826e-01
5.519729379844457995e-01
5.498237623856995215e-01
6.621545722231080289e-01
5.734947524296850618e-01
6.366544888823227888e-01
5.951906912081027512e-01
6.416209568897189852e-01
6.041713027688012660e-01
6.134199861997684522e-01
5.858585318078962656e-01
5.527290040230996571e-01
5.634335814352442462e-01
6.909847825200483573e-01
4.747621287583353999e-01
5.762052662052227214e-01
5.923212966061023321e-01
5.137717398708853134e-01
4.984453586527398117e-01
5.702410443744326818e-01
5.537540153891530315e-01
5.295873879925391270e-01
7.003471243590116968e-01
5.998457327797197536e-01
4.718365782842584566e-01
5.125358802405785008e-01
5.371185195437678805e-01
4.727470711241967827e-01
5.363734835410525204e-01
5.007032273294457214e-01
7.137543746425804025e-01
5.206489542307229934e-01
5.006573266458510529e-01
5.399831407048214515e-01
4.964094543072441468e-01
5.276955726277788861e-01
4.902631956970649463e-01
1.050718111060843007e+00
5.314275622567639079e-01
5.095757427413174501e-01
4.593373102332252711e-01
4.592360178971482965e-01
4.651676581762514417e-01
4.740601262299867225e-01
4.300294646219129935e-01
4.924854753876736768e-01
5.365973298643512690e-01
5.088745779504133537e-01
7.101709364505491839e-01
5.317190979538704010e-01
5.195668251135798776e-01
5.409574796403588959e-01
5.379185274359982172e-01
5.832437090801138035e-01
5.661760827783595129e-01
6.875014766767956198e-01
6.501206880594304627e-01
5.368811242895560332e-01
5.057911140915860582e-01
6.243616612068736416e-01
8.004360907430707606e-01
5.665490737024495571e-01
6.156886214727390616e-01
7.194094896396460159e-01
6.869526236058740576e-01
6.542212414446350044e-01
6.165514333358582677e-01
5.768943020491242857e-01
7.213678408573880318e-01
6.178181560601438971e-01
6.857787091537357327e-01
6.786872893155297959e-01
7.237175532875754769e-01
6.190254644690685870e-01
6.552784694794099307e-01
6.316092522519562991e-01
5.322837538943990809e-01
7.006030229210105098e-01
7.085445880933406437e-01
5.771342200086060359e-01
7.018034961357980661e-01
6.126896384361102399e-01
6.183265302710476696e-01
7.128371459666754673e-01
6.373742812799303437e-01
5.741518805090600752e-01
6.673107594931265707e-01
4.885938306548562871e-01
6.644654005444864397e-01
6.364008306246899949e-01
6.365717323291633090e-01
7.149092458770722747e-01
5.394717427270736554e-01
5.167152198087000547e-01
5.769350302786871998e-01
6.703384625866628532e-01
5.290168165858709637e-01
6.367195821794011668e-01
5.140423725693420431e-01
7.581051519404935490e-01
4.994837911958999177e-01
5.599649763335754482e-01
5.275050935809590946e-01
6.038843472877886143e-01
6.136748887982496070e-01
4.884107809097393282e-01
5.785972214469735642e-01
4.938690469532976968e-01
5.501850201232048043e-01
4.954496759499709135e-01
5.085081967830025196e-01
6.053653343203291293e-01
6.162670321425799402e-01
4.814445705555872590e-01
5.398469787784392349e-01
5.724623822868584178e-01
5.785041285580545534e-01
6.245655757079253689e-01
6.059502047166112071e-01
5.143191989629593008e-01
5.744383637732967118e-01
6.540009234576072972e-01
7.219911055260597177e-01
6.013773161048674432e-01
6.477090048241506137e-01
6.296225047500211280e-01
6.065071572936107103e-01
7.786370805894737845e-01
8.387325356197897763e-01
7.193899796572369443e-01
6.543708734138864447e-01
6.468925554842083203e-01
7.320023841576747126e-01
7.536536507644235883e-01
7.297250256712313199e-01
7.748163111004574555e-01
8.139432846054722726e-01
7.265226834307177972e-01
1.036562413855117715e+00
7.892604366587654408e-01
7.325926103187706540e-01
6.214923714764791773e-01
6.634827962300490212e-01
7.125272134256955825e-01
7.640706344837531194e-01
8.118777476652363490e-01
7.520451860487145090e-01
6.553912586511106975e-01
7.595800352134784994e-01
7.539246761502576000e-01
6.136462712500568850e-01
6.467928230696177172e-01
8.202264178114926363e-01
6.551566651865227131e-01
5.795762975739656708e-01
6.927953029241200600e-01
7.446482577164821315e-01
7.762389362062008802e-01
8.356095234292204577e-01
6.710981199844139322e-01
7.516690257430929112e-01
8.167408745003583714e-01
6.637316613258524844e-01
6.677757690809020819e-01
5.092852696348032504e-01
8.871819311219655280e-01
8.629376496928775619e-01
7.538840544342294558e-01
7.576762770747424991e-01
6.747757918914312203e-01
5.216603742535103061e-01
6.480222612303050411e-01
7.099855306769649044e-01
7.604807926495635861e-01
6.923092828612052996e-01
5.356457907853737765e-01
5.720361940925557942e-01
6.187668844380144195e-01
9.253799786195832100e-01
7.799395341171683205e-01
6.713675100801723694e-01
6.278548573648020659e-01
7.776979058099545705e-01
6.208766054792619338e-01
6.247536928207307882e-01
6.838205313225105275e-01
6.135156631289945262e-01
8.396878950173823908e-01
8.034689836325079604e-01
6.509259442872958878e-01
7.363994713088186650e-01
6.791222226405196905e-01
6.546298654314800514e-01
6.928609315556274462e-01
5.769393187207838558e-01
6.083880256213527460e-01
5.664323398627068018e-01
7.617198831827001193e-01
6.264842474356694391e-01
5.641453474885844699e-01
7.322491919901927826e-01
8.047875306673926143e-01
7.601502312544109463e-01
7.148099625695912840e-01
7.796538464299056503e-01
6.658225128668298076e-01
8.560935514074776709e-01
9.949488021102967927e-01
6.752627360764790199e-01
7.597593177166838130e-01
7.065903501140263776e-01
8.125266849195244001e-01
8.663023262888447373e-01
8.707963311816674379e-01
8.106058333171569652e-01
7.596752736037587495e-01
8.109040529849510515e-01
9.999535180960846814e-01
6.537868852505314132e-01
7.916901807694797233e-01
8.300899110721990937e-01
8.833863155348666840e-01
7.308505686440107674e-01
7.540585923337244090e-01
6.716443347505608452e-01
9.724733452742655437e-01
7.609002889332224795e-01
8.554917117792369963e-01
9.377062950878121139e-01
7.076781889328100927e-01
8.776195606207216615e-01
8.378894786122400573e-01
6.961189838567710675e-01
7.845823971438549149e-01
7.301304571836839674e-01
7.883291633525949527e-01
7.843893510763972898e-01
8.028771609490222838e-01
7.549252049891373995e-01
9.499816633937659960e-01
7.312188504435178649e-01
7.497924523172921907e-01
8.063896998434374463e-01
9.283349504405544739e-01
7.508226973509469770e-01
7.685190900498183320e-01
6.402114839546647618e-01
5.582119302803286720e-01
7.984571088512363302e-01
7.232325241061992038e-01
6.283180557335935612e-01
6.139622455715687543e-01
7.268374241516419865e-01
6.351501605958155272e-01
1.015499000437052102e+00
7.741500773545484382e-01
6.195103887289076239e-01
7.099846925213074700e-01
7.976407449773428304e-01
6.186479939132523143e-01
6.790027761321693056e-01
7.245167933253530146e-01
7.716962429499113485e-01
5.975556479727576198e-01
6.385876667325460776e-01
6.423968479343001858e-01
5.848082904653264524e-01
6.170753612135716493e-01
6.429399346468727128e-01
7.061367617238705208e-01
5.904066067311782851e-01
5.795572910520337961e-01
6.007808821655161724e-01
7.012920700741627211e-01
5.789585868493635212e-01
6.033828686099734773e-01
8.884196658214088549e-01
6.018852149509222871e-01
6.594270211407587956e-01
7.171221803869954892e-01
6.975077356557984887e-01
6.563560259184892942e-01
7.757688576143821901e-01
6.294283821518017463e-01
8.279372134932818650e-01
6.426507537686104721e-01
6.841261990077105448e-01
6.952333450296833695e-01
7.759249442029495514e-01
7.950928010356715925e-01
7.584882201975690075e-01
8.488868243243241629e-01
7.180647514805299503e-01
8.171993951352973795e-01
1.039858674509831937e+00
8.964679770556536198e-01
7.473498314677730070e-01
7.556935826468186290e-01
9.221619461119036076e-01
8.047231901123644837e-01
7.168847131734975564e-01
8.043619035896881764e-01
8.812817999506857847e-01
7.904091360793902288e-01
7.235438137866470054e-01
9.517895375447879003e-01
9.402842851733569374e-01
8.326089708276404044e-01
7.505374698113403964e-01
7.123667097602077725e-01
6.864886026888457060e-01
8.102864124894916253e-01
9.542187895592959546e-01
9.097831100524815806e-01
9.265067588270055055e-01
9.548499261075633626e-01
1.075633354327979019e+00
8.794645059776362572e-01
8.274343183314019079e-01
8.807748389807484868e-01
9.158214042621725115e-01
9.144647984050868761e-01
8.341938666582153772e-01
8.581434115290118569e-01
8.302736433841790831e-01
8.446051373839713605e-01
1.044546852766668810e+00
8.026896858632183163e-01
8.042858428111581137e-01
8.008749722037770136e-01
8.016684795043748091e-01
7.918087365775060560e-01
6.831876523075819385e-01
7.234368851068166961e-01
6.928953790031773252e-01
7.999776915984577741e-01
8.110288322726065813e-01
7.657024991296305094e-01
7.663273446874887540e-01
7.488019931649755323e-01
1.422543509142378815e+00
6.659022838910861886e-01
6.562533679806278331e-01
8.622870300818220590e-01
7.071140527020957078e-01
6.391075786990283447e-01
5.821755584456169696e-01
6.282726964016496218e-01
7.183688411199063983e-01
5.736365194607806473e-01
6.203899321924530863e-01
6.632742344287820835e-01
6.894632384613783582e-01
8.336214553069003497e-01
7.610065103650200946e-01
7.741764607226573336e-01
7.202562160091178223e-01
6.383370318528228671e-01
6.084305363097098907e-01
6.724879617552061983e-01
6.972350153374621273e-01
8.115027924560149764e-01
7.591028273987802111e-01
7.391429026347501319e-01
8.538469846150720244e-01
6.634251586251131982e-01
6.416169325961702530e-01
8.509222379575648310e-01
7.130495162112411300e-01
8.321892899481790895e-01
8.108889993862142820e-01
8.590367651109417357e-01
8.887727019461784117e-01
7.512595471208562969e-01
8.031307626351981144e-01
8.717656592299239948e-01
8.270980091115904820e-01
7.774409154484149820e-01
9.110178467573661898e-01
8.582101050690857935e-01
8.120519117318146796e-01
7.946845778433435648e-01
8.310335425394653752e-01
1.098923630644128346e+00
7.189771840624686883e-01
8.444521337342868472e-01
9.163290530556620350e-01
8.281056430215889552e-01
8.641691907118660421e-01
7.294096150706979031e-01
8.372203712558717870e-01
7.544775172988056333e-01
8.098719618820956478e-01
9.490319430161151537e-01
8.094676955517730033e-01
8.189618915098108021e-01
8.252584122326125371e-01
8.094166337170040082e-01
7.589290917038276074e-01
8.365560407028271861e-01
3.757291283576897345e-01
2.677729175768258085e-01
2.595499031843399029e-01
2.523626516644043583e-01
2.644546032391824064e-01
2.623617047012442027e-01
3.179238197364621099e-01
2.193057182022792317e-01
2.382290862080787830e-01
2.643007572758427903e-01
1.944718426238685183e-01
2.437532207434923714e-01
2.223017567570230724e-01
2.111846648762200629e-01
2.391974711510637952e-01
2.758725337338165384e-01
1.978520753675650778e-01
2.691794689772649130e-01
2.308080956717567800e-01
2.422851139395754416e-01
2.227988002457927663e-01
2.347048053072950391e-01
2.098004180855150558e-01
2.641770563631411495e-01
2.329781731800800726e-01
2.630011941037360135e-01
2.201235839035329267e-01
2.715926734001694598e-01
2.617649407938135164e-01
2.859336749886775553e-01
2.443342445891558967e-01
2.777795959871103837e-01
2.528176188575594896e-01
3.028793669441249836e-01
3.263727796565805139e-01
3.028766781551922582e-01
2.968553986534948064e-01
3.717739659044367317e-01
3.069007829235469442e-01
3.319190362131941852e-01
3.618616392489670264e-01
1.254073389063138366e+00
3.067914133454378023e-01
2.830470490284308083e-01
2.822196412646239549e-01
2.846118515812841032e-01
2.624391233638460053e-01
2.899291961435764287e-01
2.911307859355667382e-01
3.819744596440035056e-01
3.114506059088688050e-01
2.955932216958878089e-01
3.675587354705882048e-01
2.998022116758617961e-01
3.333338809391409030e-01
2.886424454089239755e-01
3.128937393856037197e-01
2.944616292387648993e-01
2.965875745634589666e-01
2.812077612748696276e-01
2.917142750756371861e-01
2.910413897705687036e-01
3.416323801035033303e-01
3.554231898889436692e-01
3.302865822221898728e-01
2.993050819834738308e-01
3.085099117434393357e-01
2.728707002659814806e-01
2.999839254076137607e-01
2.689884012483045872e-01
2.085067726286580769e-01
2.393796806527615506e-01
1.898199650946908179e-01
2.076125723326406047e-01
1.894190896663425494e-01
1.619269720509411425e-01
1.855874370358009395e-01
1.675790136518224560e-01
1.751647471896899400e-01
1.874005647752518822e-01
1.745574419250190135e-01
1.691991601349919216e-01
1.628963794461045500e-01
1.592188772143873221e-01
1.484922302541904493e-01
1.874611617835440502e-01
1.790990542116500939e-01
1.948126409750441101e-01
1.470672029399845426e-01
1.593240015568145596e-01
1.792537461433785506e-01
1.507941080305964798e-01
1.473757649139863790e-01
1.556584594145205558e-01
1.447763652026695380e-01
1.869804986777243716e-01
1.707767156335109893e-01
1.691191928310938897e-01
1.764462477116952310e-01
1.689907383866919022e-01
1.802304500913025909e-01
1.823687464393864699e-01
2.098323982523201958e-01
1.736907118802281103e-01
1.888187281740957846e-01
1.821641194605412573e-01
1.833375025712634665e-01
1.867033498244180523e-01
2.095827555933057751e-01
2.136357668609036864e-01
1.881768570509594896e-01
2.378408511402861081e-01
2.377640520164100990e-01
2.215931756454239399e-01
2.266920093516041901e-01
2.123828077768186162e-01
1.843734667207915789e-01
1.898960145031746705e-01
2.018495060362386628e-01
1.719169599891429145e-01
1.827573649750305340e-01
2.040661059214216588e-01
2.016197324922521239e-01
2.018261186479926861e-01
2.052459832519550054e-01
2.336991681911141372e-01
2.030376580296118505e-01
2.064317747219434340e-01
2.161413661396175134e-01
2.262740024831258745e-01
2.004996581318584103e-01
2.206599433537719535e-01
2.000346944161844054e-01
1.889255992658767369e-01
2.100439529070219080e-01
2.064169528926684261e-01
1.981239123608708463e-01
2.308239791540027397e-01
1.983132750745648931e-01
1.977906895751286032e-01
2.102297259390334683e-01
2.015015190179950400e-01
2.217139777558073899e+00
1.096825220896442410e+00
1.942986465716414757e-01
1.895410286582673853e-01
1.895346638687013252e-01
9.340450594779180216e-02
1.034096804276746356e-01
9.312120891040101545e-02
9.213567975519382225e-02
1.046237072327776130e-01
9.085484839861035500e-02
9.019571015346339315e-02
9.053328699448659478e-02
7.756180325220013438e-02
7.754996226360674760e-02
7.471724114508833392e-02
7.793335362913196562e-02
7.150596689583786636e-02
8.533100590773792793e-02
9.071253276539610610e-02
7.661333999921902949e-02
8.686341444275397228e-02
7.662179240312060047e-02
6.671372834064558111e-02
8.191757742350723459e-02
8.142984583689449885e-02
7.733191373158067317e-02
8.281518694474185316e-02
7.893059524260899462e-02
8.605828519143275679e-02
7.761761751177573276e-02
1.024362361404262817e-01
9.597982716127353986e-02
8.507739594024171792e-02
7.418128014436585482e-02
7.664628584772853470e-02
8.287866338706299796e-02
9.690692577791377993e-02
9.722460337207830539e-02
8.460250232290508765e-02
9.089309432225642360e-02
8.886247550379858251e-02
8.933153541671882969e-02
9.652331966247224004e-02
8.173565677043063971e-02
9.459942868116499870e-02
8.960448724404246335e-02
9.202552694645782516e-02
8.916842535266737702e-02
1.129483899871309011e-01
1.306904929559058182e-01
1.000903145871496897e-01
1.065518380541443794e-01
1.015083201499696053e-01
9.271217420700811340e-02
9.797911153441525578e-02
9.995725605817522286e-02
1.178436012942961908e-01
1.148632956520566073e-01
1.159926713659388958e-01
1.184697827453650987e-01
1.047325205578500812e-01
1.175043277045754730e-01
1.068000662193765438e-01
9.827770195587111346e-02
1.105131978837592399e-01
9.628942876393342676e-02
1.076701890724737348e-01
1.073536525583197732e-01
9.971032933937060139e-02
9.711664498990363326e-02
1.078519094010509383e-01
1.072374485479515166e-01
8.737223532112781132e-02
1.059781609489273413e-01
9.637356315540918095e-02
9.789266536625262916e-02
1.021856847672699409e-01
9.029522387197139177e-02
1.034574674095234265e-01
1.042553086473528706e-01
9.900098958914531344e-02
1.007242550325342795e-01
8.807935432046873347e-02
9.422480187643225702e-02
1.016895124745843954e-01
1.074884555878186237e-01
3.184741288149446348e-01
2.403683292882651534e-01
2.345356547231421951e-01
2.722278856057626095e-01
2.411947229883744936e-01
2.528678837572862492e-01
2.396277182206195400e-01
2.702629999143697503e-01
3.003567120849275907e-01
2.844297532637605208e-01
2.938507007796921089e-01
2.495969060199340339e-01
2.507915876219402596e-01
2.532136628916241694e-01
2.284278746589673281e-01
8.239145936638385681e-01
2.879768185840231864e-01
2.902855813721511580e-01
2.595554499813831351e-01
2.427377073048994638e-01
2.535958976579084090e-01
2.804824763517950736e-01
2.239886625204264015e-01
2.533001615813779694e-01
2.691057683443516813e-01
3.566347243092799491e-01
2.238421535301090837e-01
2.337166517861079817e-01
2.792300082254945970e-01
2.384873571930380687e-01
2.979831366927083725e-01
2.343276941742266639e-01
2.917837422945946946e-01
2.678405316187850160e-01
2.638435555692718038e-01
2.537061451073573948e-01
2.497331449065149089e-01
3.191506553526743950e-01
2.837558848148424295e-01
2.726060194040940687e-01
2.903076556726125190e-01
2.642434248802720820e-01
3.122393639912840468e-01
2.897357178002116784e-01
3.045432449954428855e-01
2.509253285352982532e-01
2.679731608448671087e-01
2.767751405837714507e-01
2.725432874334093314e-01
2.779882940603687902e-01
2.338665223074061217e-01
2.684149609112251311e-01
2.883546948567403678e-01
2.812157310399291399e-01
2.500388725190023087e-01
2.384157204592727008e-01
3.069944229086209453e-01
2.843525816137335016e-01
2.584516029858195951e-01
2.573269501808059800e-01
2.295956630592324021e-01
2.251533220633888388e-01
2.576989364638073710e-01
2.635101284294414370e-01
2.399210596585356348e-01
2.776890374478437340e-01
2.931174604736377920e-01
2.627739775855648108e-01
2.992285283765421799e-01
2.779541818379047680e-01
3.183614659988220907e-01
2.656692905329304799e-01
2.741311540591636065e-01
2.484540551798352648e-01
2.393804542220789866e-01
2.701106601380538486e-01
2.745662032974994782e-01
2.744202914812974847e-01
2.707129230482872018e-01
2.563207788889716454e-01
2.972460995359677560e-01
2.388845139305838805e-01
2.326223070826918815e-01
2.558589806148614532e-01
2.411298362599672007e-01
2.453840564536881319e-01
2.550987536609482520e-01
2.729806335180898769e-01
2.665411100320238535e-01
5.052105624266011397e+00
4.292293239620165402e+00
3.986002843347231650e+00
4.137708281895384310e+00
3.771211949940826091e+00
3.860199109600626510e+00
3.922713399861188499e+00
3.598160299551226071e+00
3.466130234358872908e+00
3.358508914235868392e+00
3.365356645104717881e+00
3.356719400425060229e+00
4.317993974722499573e+00
3.783555433960285264e+00
4.197570244814369467e+00
3.317773454656323118e+00
3.765530324314166233e+00
3.909730600689413027e+00
3.309591107154539191e+00
3.492045294405226041e+00
3.137018723154111566e+00
4.548762220624754882e+00
3.979457676399346333e+00
3.058472088661279287e+00
3.223495153622973675e+00
3.313903709224408800e+00
3.032134497687156927e+00
7.373500003021236093e-01
2.715556342015677416e+00
3.612790157730781715e+00
2.752838336228673466e+00
2.790787088097145929e+00
3.043152345887978338e+00
2.723882288579221989e+00
2.961786930096315995e+00
3.286361653717137177e+00
3.528310701734096888e+00
3.052602808018293867e+00
2.885516995251183214e+00
3.213077742087273592e+00
3.064269481227134495e+00
3.510045958444605319e+00
4.231785170214095615e+00
4.066023043269975545e+00
3.381309780389504915e+00
3.367778741846102264e+00
3.507968893993396176e+00
2.939322972959311109e+00
3.850537846869985792e+00
3.039543284048408900e+00
3.293339934508375144e+00
4.322398507664365397e+00
3.746792497180718051e+00
3.815583644772500449e+00
4.069989413704147019e+00
4.330943021742019283e+00
4.483627957636007189e+00
4.079595565210785146e+00
4.376271188536387413e+00
3.695630768220922402e+00
4.468454171296222022e+00
3.502270621769888237e+00
3.651356490281528533e+00
4.577161315301665034e+00
3.542213363688301087e+00
3.802811764025553209e+00
5.139778528635305044e+00
4.505797522849624315e+00
4.370716293162578481e+00
4.433987188740886154e+00
4.089999504931433272e+00
3.977672235799711853e+00
4.686035033295048002e+00
4.748739399189846111e+00
3.848392800423890314e+00
4.508014869007126002e+00
4.370580698616595150e+00
3.903897775556900207e+00
5.318326256690419029e+00
4.392924841012126436e+00
4.119772084681629920e+00
4.061246711103589924e+00
5.096762271716483994e+00
4.100566760398295152e+00
3.978773608429273079e+00
4.456343345056563265e+00
4.680000763893656490e+00
4.025797780714630569e+00
4.096440913284426166e+00
3.679598639155083895e+00
3.867919927263485214e+00
3.739023191150093073e+00
3.833846784404661090e+00
3.433369024619389975e+00
3.455625226275016448e+00
1.086978648317594525e+04
7.680352115971115418e+06
6.668483666348822281e-01
1.623057959825392390e+04
4.015437114077095612e+04
1.884984367624468359e+04
2.532495719180958986e+04
7.625425277565013857e+03
2.334561960623181585e+04
2.898567924946850781e+03
3.358300703854453786e+03
3.795923660398478660e+03
5.035032016937066590e-01
4.938146628768732005e-01
6.433219474901522572e-01
9.421225770843153491e-01
1.210853094288219411e+00
1.374388195995243089e+00
2.300535066200622314e+00
1.733795861710826003e+00
1.774629576488086391e+00
1.758658996799625118e+00
1.891893009873449216e+00
2.067028388837776731e+00
1.961314929406047902e+00
1.871093688251031173e+00
1.809136311869723901e+00
1.758886151767563355e+00
1.892003264259635165e+00
1.187845379840348103e+00
1.808611304944242937e+00
1.609700767907131569e+00
1.561411424526716329e+00
1.215841612705598251e+01
1.069809174680291264e+01
8.552781137725940397e+00
6.837621385597981494e+00
6.938047262361251022e+00
5.726991394290156911e+00
5.439276217867718088e+00
7.574355624227905315e-01
4.649446273013397857e+00
4.196078879607991752e+00
3.913518533837267110e+00
5.864004078089493532e+00
6.147289498344923331e+00
7.081385678384852334e+00
8.599252690444817659e+00
1.043608147053949509e+01
1.069996779557243194e+01
1.248884130635808454e+01
4.934898614298572905e-01
1.323581056021968649e+01
1.265013856437357020e+01
1.404123405553802506e+01
1.474283738201253335e+01
1.359124428097835846e+01
1.369088467666419184e+01
1.247424883568887033e+01
1.247789686226775530e+01
1.296797089800090852e+01
1.381461823636443498e+01
3.123184351962449146e-01
1.283760320399366783e+01
1.274418507513821019e+01
1.263979776166011959e+01
1.207032314688109231e+01
2.595587472278324640e+03
3.697620554367813838e+03
3.535330682163737038e+03
3.830230347800242271e+03
1.280120851765441785e+03
1.989394518742425134e+03
