2.283607011208726760e+02
2.049293308345690434e+02
2.340555430046222511e+02
3.067778325029411235e+02
3.863027292589750914e+02
5.397327519849797000e+02
1.616762308570426285e+03
1.643259851934784365e+03
4.484330765088278895e+03
4.498862554219611411e+03
1.954291801318162015e+03
1.959698005472436762e+03
1.474586650457663836e+03
1.201556163235253280e+03
1.010890475382848194e+03
8.825933173542381383e+02
8.075190204784810248e+02
8.124937821794557067e+02
7.649900671497364328e+02
7.697237963159360561e+02
7.361499363220488021e+02
7.229882656363899969e+02
6.859535447324307142e+02
6.128195248771118031e+02
5.741430703672682512e+02
1.494975699334546846e+02
1.496211811409734764e+02
1.280773526678246377e+01
1.593679041805218866e+01
0.000000000000000000e+00
0.000000000000000000e+00
0.000000000000000000e+00
0.000000000000000000e+00
0.000000000000000000e+00
0.000000000000000000e+00
0.000000000000000000e+00
0.000000000000000000e+00
0.000000000000000000e+00
0.000000000000000000e+00
0.000000000000000000e+00
0.000000000000000000e+00
0.000000000000000000e+00
0.000000000000000000e+00
0.000000000000000000e+00
0.000000000000000000e+00
0.000000000000000000e+00
0.000000000000000000e+00
0.000000000000000000e+00
0.000000000000000000e+00
0.000000000000000000e+00
0.000000000000000000e+00
0.000000000000000000e+00
0.000000000000000000e+00
0.000000000000000000e+00
0.000000000000000000e+00
0.000000000000000000e+00
0.000000000000000000e+00
0.000000000000000000e+00
